0.0222
0.0222
0.0222
0.0222
0.0222
0.0222
0.0222
0.0222
0.0222
0.0222
0.0222
0.4666
0.4888
0.5111
0.6444
0.7777
0.7777
0.8888
0.9111
0.9333
0.9555
0.0222
0.0222
0.0222
0.0222
0.0222
0.0222
0.0222
0.0222
0.0222
0.0222
0.0222
0.0222
0.0222
0.0222
0.5777
0.6666
0.6666
0.7555
0.8888
0.9333
0.9555
0.0222
0.0222
0.0222
0.0222
0.0222
0.0222
0.0222
0.0222
0.0222
0.0222
0.0222
0.3333
0.4888
0.5777
0.6888
0.7111
0.8444
0.8444
0.9111
0.9333
0.9555
