370.4600868274243	150.96708801810738
373.3615436332405	160.5369129069955
376.2630004390567	170.10673779588365
379.1644572448729	179.67656268477177
382.0659140506891	189.24638757365992
384.96737085650534	198.81621246254804
387.86882766232156	208.3860373514362
390.77028446813773	217.95586224032434
393.67174127395396	227.52568712921243
396.5731980797702	237.09551201810058
399.4746548855864	246.66533690698873
402.37611169140257	256.2351617958768
405.2775684972188	265.80498668476497
408.179025303035	275.3748115736531
411.08048210885124	284.94463646254127
413.98193891466747	294.5144613514294
416.88339572048363	304.0842862403175
419.78485252629986	313.65411112920566
422.6863093321161	323.2239360180938
425.5877661379323	332.7937609069819
428.4892229437485	342.36358579587005
431.3906797495647	351.9334106847582
434.2921365553809	361.5032355736463
437.19359336119714	371.0730604625345
440.09505016701337	380.6428853514226
442.99650697282954	390.2127102403107
445.89796377864576	399.78253512919883
448.799420584462	409.352360018087
451.7008773902782	418.9221849069752
454.6023341960944	428.4920097958633
457.5037910019106	438.0618346847514
460.4052478077268	447.63165957363947
455.4434322534579	438.94947169238424
450.4816166991889	430.26728381112906
445.51980114492	421.5850959298739
440.557985590651	412.90290804861866
435.5961700363821	404.2207201673635
430.6343544821131	395.53853228610825
425.6725389278442	386.8563444048531
420.7107233735752	378.17415652359784
415.7489078193063	369.49196864234267
410.78709226503736	360.80978076108744
405.8252767107684	352.12759287983226
400.86346115649945	343.44540499857703
395.9016456022305	334.7632171173218
390.93983004796155	326.0810292360666
385.9780144936926	317.39884135481145
381.01619893942365	308.7166534735562
376.0543833851547	300.034465592301
371.09256783088574	291.3522777110459
366.1307522766168	282.67008982979064
361.1689367223479	273.9879019485354
356.2071211680789	265.3057140672802
351.24530561380993	256.62352618602506
346.283490059541	247.9413383047698
341.3216745052721	239.2591504235146
336.3598589510031	230.57696254225942
331.3980433967341	221.8947746610042
326.4362278424652	213.21258677974902
321.4744122881963	204.53039889849381
316.51259673392735	195.84821101723858
311.5507811796584	187.16602313598338
306.5889656253894	178.4838352547282
301.62715007112047	169.80164737347297
296.66533451685154	161.1194594922178
291.7035189625826	152.43727161096257
286.74170340831364	143.7550837297074
281.77988785404466	135.07289584845222
276.81807229977574	126.39070796719699
280.0195929750848	135.8643696333939
283.2211136503938	145.3380312995908
286.42263432570286	154.81169296578773
289.6241550010119	164.28535463198463
292.8256756763209	173.75901629818154
296.0271963516299	183.23267796437844
299.22871702693897	192.70633963057537
302.430237702248	202.18000129677228
305.63175837755705	211.65366296296918
308.8332790528661	221.12732462916608
312.03479972817513	230.600986295363
315.2363204034841	240.0746479615599
318.4378410787932	249.54830962775682
321.6393617541022	259.0219712939537
324.84088242941124	268.4956329601506
328.0424031047203	277.9692946263475
331.2439237800293	287.44295629254447
334.44544445533836	296.91661795874137
333.8420971432589	306.89839996502695
333.2387498311795	316.88018197131254
332.63540251910007	326.8619639775981
332.0320552070206	336.84374598388365
331.42870789494117	346.82552799016923
330.8253605828618	356.8073099964548
330.2220132707823	366.7890920027404
329.6186659587029	376.770874009026
329.0153186466234	386.7526560153116
328.41197133454403	396.73443802159716
327.8086240224646	406.71622002788274
327.20527671038514	416.6980020341683
326.6019293983057	426.67978404045385
325.9985820862263	436.66156604673944
325.39523477414684	446.643348053025
324.7918874620674	456.62513005931055
324.188540149988	466.60691206559613
323.58519283790855	476.5886940718817
317.0475923682431	469.0216748371348
310.50999189857765	461.45465560238785
303.9723914289122	453.88763636764094
297.43479095924675	446.320617132894
290.8971904895813	438.75359789814706
284.35959001991586	431.1865786634001
277.82198955025035	423.6195594286532
271.2843890805849	416.0525401939062
264.74678861091945	408.4855209591593
258.209188141254	400.9185017244124
251.67158767158855	393.35148248966544
245.1339872019231	385.78446325491853
238.59638673225766	378.21744402017157
232.0587862625922	370.65042478542466
225.52118579292676	363.08340555067775
218.9835853232613	355.5163863159308
212.44598485359586	347.9493670811838
205.9083843839304	340.3823478464369
199.37078391426493	332.81532861169
192.83318344459948	325.24830937694304
186.29558297493404	317.68129014219613
179.75798250526856	310.11427090744917
173.22038203560314	302.54725167270226
166.6827815659377	294.98023243795535
160.1451810962722	287.4132132032084
153.6075806266068	279.8461939684614
147.0699801569413	272.2791747337145
140.53237968727586	264.7121554989676
133.99477921761041	257.14513626422064
127.45717874794497	249.57811702947373
120.91957827827952	242.0110977947268
114.38197780861404	234.44407855997986
107.84437733894862	226.87705932523292
101.30677686928314	219.31004009048598
94.76917639961769	211.74302085573908
88.23157592995224	204.1760016209921
81.6939754602868	196.6089823862452
75.15637499062132	189.04196315149824
68.61877452095587	181.47494391675133
78.61502039171145	181.74893021458726
88.61126626246704	182.0229165124232
98.60751213322264	182.2969028102591
108.60375800397823	182.57088910809503
118.60000387473382	182.84487540593096
128.59624974548942	183.1188617037669
138.592495616245	183.3928480016028
148.5887414870006	183.66683429943873
158.58498735775618	183.94082059727467
168.58123322851176	184.2148068951106
178.57747909926735	184.48879319294653
188.57372497002297	184.76277949078244
198.56997084077852	185.03676578861837
208.5662167115341	185.3107520864543
216.66479981101602	191.17700743214
224.76338291049797	197.04326277782565
232.86196600997988	202.90951812351133
240.9605491094618	208.775773469197
249.05913220894374	214.64202881488268
257.1577153084257	220.50828416056834
265.2562984079076	226.374539506254
273.3548815073895	232.24079485193968
281.4534646068714	238.10705019762537
289.55204770635333	243.97330554331103
297.65063080583525	249.8395608889967
302.08930351237603	258.8004863213507
306.5279762189169	267.7614117537048
310.96664892545766	276.72233718605884
315.40532163199845	285.6832626184129
319.84399433853923	294.64418805076696
324.2826670450801	303.60511348312104
328.72133975162086	312.5660389154751
333.16001245816165	321.52696434782916
337.59868516470243	330.4878897801832
342.0373578712433	339.4488152125373
346.47603057778406	348.4097406448913
350.91470328432484	357.37066607724535
355.35337599086563	366.33159150959943
359.79204869740647	375.2925169419535
364.23072140394726	384.25344237430755
368.66939411048804	393.2143678066616
373.1080668170289	402.1752932390157
377.54673952356967	411.13621867136976
381.98541223011046	420.0971441037238
386.42408493665124	429.0580695360778
390.862757643192	438.0189949684319
395.30143034973287	446.97992040078594
399.74010305627365	455.94084583314
404.17877576281444	464.90177126549406
408.6174484693553	473.86269669784815
400.70029506823596	467.75379483064285
392.7831416671166	461.64489296343754
384.8659882659972	455.53599109623224
376.9488348648779	449.427089229027
369.03168146375856	443.3181873618217
361.1145280626392	437.2092854946164
353.19737466151986	431.1003836274111
345.2802212604005	424.9914817602058
337.36306785928116	418.8825798930005
329.4459144581618	412.7736780257952
321.52876105704246	406.6647761585899
313.6116076559231	400.5558742913846
305.69445425480376	394.4469724241793
297.7773008536844	388.338070556974
289.86014745256506	382.22916868976876
281.9429940514457	376.12026682256345
274.02584065032636	370.01136495535815
266.108687249207	363.90246308815284
258.1915338480876	357.79356122094754
250.2743804469683	351.6846593537423
242.35722704584896	345.575757486537
234.4400736447296	339.4668556193317
226.52292024361023	333.3579537521264
218.60576684249088	327.2490518849211
210.68861344137153	321.14015001771577
202.77146004025218	315.03124815051046
194.85430663913286	308.92234628330516
186.9371532380135	302.8134444160999
179.01999983689416	296.7045425488946
171.1028464357748	290.59564068168936
163.18569303465546	284.48673881448406
155.2685396335361	278.37783694727875
147.35138623241676	272.26893508007345
139.43423283129738	266.16003321286814
131.51707943017806	260.05113134566284
123.59992602905868	253.94222947845756
115.68277262793936	247.83332761125226
107.76561922681998	241.72442574404695
99.84846582570066	235.61552387684168
91.93131242458134	229.5066220096364
84.01415902346201	223.3977201424311
76.09700562234264	217.28881827522582
68.17985222122331	211.17991640802052
60.262698820103935	205.0710145408152
52.345545418984614	198.9621126736099
62.3413778248106	198.67343549294074
72.33721023063659	198.3847583122716
82.33304263646257	198.09608113160243
92.32887504228856	197.80740395093326
102.32470744811454	197.51872677026412
112.32053985394052	197.23004958959496
122.31637225976651	196.94137240892582
132.3122046655925	196.65269522825665
142.30803707141848	196.36401804758748
152.30386947724446	196.07534086691834
162.29970188307044	195.78666368624917
172.29553428889642	195.49798650558
182.29136669472243	195.20930932491086
192.2871991005484	194.9206321442417
202.28303150637439	194.63195496357253
212.27886391220036	194.34327778290339
222.27469631802634	194.05460060223422
224.7134394179706	203.7526690744855
227.1521825179148	213.45073754673678
229.59092561785906	223.14880601898807
232.02966871780328	232.84687449123936
234.46841181774752	242.54494296349066
236.90715491769177	252.24301143574195
239.345898017636	261.9410799079932
241.78464111758024	271.6391483802445
234.3756403361236	264.92299565562786
226.96663955466698	258.20684293101124
219.55763877321036	251.49069020639465
212.14863799175373	244.77453748177803
204.7396372102971	238.05838475716143
197.33063642884048	231.3422320325448
189.92163564738388	224.6260793079282
182.51263486592723	217.90992658331157
175.10363408447063	211.19377385869498
167.69463330301397	204.47762113407836
160.28563252155737	197.76146840946177
152.87663174010075	191.04531568484515
145.46763095864412	184.32916296022853
138.0586301771875	177.6130102356119
130.64962939573087	170.8968575109953
123.24062861427424	164.18070478637867
115.83162783281762	157.46455206176208
108.42262705136099	150.74839933714549
101.01362626990436	144.03224661252887
93.60462548844774	137.31609388791225
86.19562470699114	130.59994116329563
78.78662392553451	123.88378843867903
71.37762314407789	117.16763571406241
63.96862236262126	110.4514829894458
62.26850671874315	120.30590366229313
60.56839107486504	130.16032433514047
58.86827543098693	140.01474500798778
57.16815978710882	149.86916568083512
55.468044143230706	159.72358635368246
53.76792849935259	169.5780070265298
52.067812855474486	179.43242769937712
50.36769721159637	189.28684837222448
48.667581567718265	199.1412690450718
46.96746592384015	208.99568971791913
45.267350279962045	218.85011039076647
43.56723463608393	228.70453106361379
41.86711899220582	238.55895173646113
40.16700334832771	248.41337240930847
38.466887704449604	258.2677930821558
36.76677206057148	268.12221375500314
35.06665641669338	277.97663442785046
33.36654077281527	287.8310551006978
31.666425128937156	297.68547577354514
29.966309485059043	307.5398964463925
28.266193841180936	317.3943171192398
26.566078197302822	327.2487377920871
24.865962553424716	337.1031584649345
23.1658469095466	346.9575791377818
21.465731265668488	356.8119998106291
19.76561562179038	366.6664204834765
18.065499977912268	376.52084115632385
16.36538433403416	386.3752618291711
14.665268690156047	396.2296825020185
12.96515304627794	406.08410317486585
11.265037402399827	415.9385238477131
9.564921758521713	425.79294452056047
13.494040993038297	416.59718342965823
17.42316022755488	407.40142233875594
21.35227946207147	398.2056612478537
25.281398696588052	389.00990015695146
29.210517931104636	379.8141390660492
33.139637165621224	370.6183779751469
37.06875640013781	361.4226168842447
40.99787563465439	352.22685579334245
44.926994869170976	343.0310947024402
48.85611410368756	333.8353336115379
52.785233338204144	324.6395725206357
56.714352572720735	315.4438114297334
60.64347180723731	306.24805033883115
64.5725910417539	297.0522892479289
68.50171027627047	287.8565281570267
72.43082951078708	278.66076706612444
76.35994874530365	269.4650059752222
80.28906797982023	260.2692448843199
84.21818721433684	251.07348379341764
88.14730644885341	241.8777227025154
95.36933827792988	248.79453239050062
102.59137010700637	255.71134207848584
109.81340193608284	262.6281517664711
117.03543376515931	269.5449614544563
124.25746559423578	276.46177114244153
131.47949742331227	283.37858083042676
138.70152925238875	290.295390518412
145.9235610814652	297.2122002063972
153.1455929105417	304.1290098943824
160.36762473961818	311.0458195823677
167.58965656869464	317.9626292703529
174.81168839777112	324.87943895833814
182.0337202268476	331.79624864632336
189.25575205592406	338.7130583343086
196.47778388500055	345.6298680222938
203.69981571407703	352.546677710279
210.9218475431535	359.46348739826425
218.14387937222997	366.38029708624947
225.36591120130646	373.29710677423475
232.58794303038292	380.2139164622199
239.8099748594594	387.1307261502052
247.0320066885359	394.0475358381904
254.25403851761237	400.96434552617563
263.2076809715975	405.41769110070675
272.16132342558257	409.87103667523786
281.11496587956765	414.324382249769
290.06860833355273	418.7777278243001
299.0222507875378	423.23107339883126
307.9758932415229	427.68441897336237
316.929535695508	432.1377645478935
325.88317814949306	436.5911101224246
334.83682060347815	441.0444556969557
343.7904630574632	445.4978012714868
352.7441055114483	449.95114684601793
361.6977479654334	454.40449242054905
370.6513904194185	458.8578379950802
366.9509099047872	449.5677118408865
363.25042939015594	440.27758568669276
359.54994887552465	430.98745953249903
355.84946836089335	421.6973333783053
352.14898784626206	412.40720722411163
348.4485073316308	403.1170810699179
344.7480268169995	393.8269549157242
341.04754630236823	384.53682876153044
337.34706578773694	375.2467026073367
344.82809242157714	368.610872553472
352.3091190554173	361.97504249960735
359.7901456892575	355.33921244574265
367.27117232309763	348.70338239187794
374.75219895693783	342.06755233801323
382.23322559077803	335.4317222841486
389.7142522246182	328.79589223028387
397.1952788584584	322.16006217641916
404.6763054922985	315.52423212255445
414.45974694214084	313.45438348134724
424.24318839198315	311.38453484014
434.02662984182547	309.3146861989328
443.8100712916678	307.2448375577256
453.5935127415101	305.1749889165184
463.3769541913524	303.10514027531116
473.1603956411947	301.03529163410394
482.94383709103704	298.9654429928967
492.72727854087935	296.8955943516895
483.7826154737539	292.42424079648936
474.83795240662835	287.95288724128915
465.89328933950287	283.481533686089
456.9486262723774	279.01018013088884
448.0039632052519	274.5388265756887
439.0593001381264	270.0674730204885
430.1146370710009	265.5961194652883
421.16997400387544	261.1247659100882
412.2253109367499	256.65341235488796
403.28064786962443	252.1820587996878
394.33598480249896	247.71070524448766
385.3913217353735	243.23935168928747
389.33947694185764	252.42695586369072
393.28763214834186	261.61456003809394
397.235787354826	270.8021642124972
401.1839425613102	279.98976838690044
405.13209776779433	289.1773725613037
409.08025297427855	298.36497673570693
413.0284081807627	307.5525809101102
416.97656338724687	316.7401850845134
420.9247185937311	325.9277892589167
424.87287380021525	335.1153934333199
428.8210290066994	344.30299760772317
432.7691842131836	353.4906017821264
436.7173394196678	362.67820595652967
440.66549462615194	371.8658101309329
444.61364983263616	381.0534143053361
448.5618050391203	390.2410184797394
452.5099602456045	399.4286226541426
456.4581154520887	408.6162268285459
460.40627065857285	417.8038310029491
451.89315651801377	412.55722375351513
443.3800423774547	407.31061650408117
434.86692823689566	402.06400925464715
426.3538140963366	396.8174020052132
417.8406999557775	391.5707947557792
409.3275858152184	386.32418750634525
400.81447167465933	381.0775802569113
392.30135753410025	375.83097300747727
383.7882433935412	370.5843657580433
375.27512925298214	365.33775850860934
366.76201511242306	360.0911512591754
358.248900971864	354.84454400974136
349.73578683130495	349.5979367603074
341.22267269074587	344.3513295108734
332.7095585501868	339.10472226143946
324.1964444096277	333.8581150120055
315.6833302690686	328.6115077625715
307.17021612850954	323.3649005131375
298.65710198795045	318.11829326370355
291.4050976110274	311.23291509565144
284.1530932341043	304.3475369275994
276.9010888571812	297.46215875954726
269.6490844802581	290.57678059149515
262.39708010333504	283.6914024234431
255.14507572641196	276.806024255391
247.89307134948885	269.9206460873389
240.64106697256577	263.0352679192868
240.414231444702	253.0378409681509
240.18739591683826	243.04041401701497
239.9605603889745	233.04298706587906
239.73372486111074	223.04556011474315
239.506889333247	213.04813316360725
239.28005380538323	203.0507062124713
239.05321827751948	193.0532792613354
238.82638274965572	183.0558523101995
238.59954722179197	173.05842535906356
238.3727116939282	163.06099840792766
238.14587616606445	153.06357145679175
237.9190406382007	143.0661445056558
237.69220511033694	133.0687175545199
237.4653695824732	123.071290603384
237.23853405460946	113.07386365224806
237.0116985267457	103.07643670111216
236.78486299888195	93.07900974997625
236.5580274710182	83.08158279884034
245.01650766229974	88.41582246853062
253.4749878535813	93.75006213822091
261.9334680448629	99.08430180791119
270.3919482361444	104.41854147760148
278.850428427426	109.75278114729176
287.3089086187075	115.08702081698203
295.7673888099891	120.42126048667232
304.22586900127067	125.75550015636261
312.6843491925522	131.0897398260529
321.14282938383377	136.42397949574317
329.60130957511535	141.75821916543345
338.0597897663969	147.09245883512375
346.5182699576784	152.426698504814
354.97675014896	157.7609381745043
363.43523034024156	163.09517784419458
371.8937105315231	168.42941751388486
380.35219072280466	173.76365718357516
388.81067091408624	179.09789685326544
397.26915110536777	184.43213652295572
405.7276312966493	189.766376192646
414.18611148793093	195.10061586233627
422.64459167921245	200.43485553202657
431.103071870494	205.76909520171685
439.56155206177556	211.10333487140713
448.02003225305714	216.4375745410974
456.47851244433866	221.77181421078768
464.93699263562024	227.106053880478
473.3954728269018	232.44029355016826
481.85395301818335	237.77453321985854
490.3124332094649	243.10877288954882
482.2074655556105	248.96620400992688
474.10249790175607	254.82363513030495
465.99753024790164	260.681066250683
457.8925625940472	266.53849737106106
449.7875949401928	272.3959284914391
441.68262728633835	278.2533596118172
433.5776596324839	284.11079073219526
425.4726919786295	289.9682218525733
417.36772432477505	295.8256529729514
409.2627566709206	301.68308409332946
401.1577890170662	307.5405152137075
393.05282136321176	313.3979463340856
384.94785370935733	319.25537745446366
376.8428860555029	325.1128085748417
368.73791840164847	330.9702396952198
360.63295074779404	336.82767081559786
354.49300282841114	328.9345700594143
348.3530549090283	321.0414693032307
342.21310698964544	313.1483685470471
336.07315907026253	305.2552677908635
329.93321115087963	297.36216703467994
323.7932632314968	289.46906627849637
317.65331531211393	281.57596552231274
311.513367392731	273.68286476612917
305.3734194733481	265.7897640099456
299.2334715539653	257.896663253762
293.0935236345824	250.00356249757843
286.9535757151995	242.11046174139483
280.8136277958166	234.21736098521126
274.67367987643377	226.3242602290277
268.5337319570509	218.4311594728441
262.393784037668	210.5380587166605
256.2538361182851	202.64495796047692
250.11388819890226	194.75185720429332
243.97394027951938	186.85875644810974
249.92677322936436	194.89391543043487
255.87960617920933	202.92907441275997
261.8324391290543	210.9642333950851
267.78527207889925	218.9993923774102
274.0750038945763	226.77366235515473
280.3647357102534	234.54793233289925
286.65446752593044	242.32220231064377
292.9441993416075	250.09647228838827
299.23393115728453	257.8707422661328
305.52366297296163	265.6450122438773
311.8133947886387	273.4192822216218
318.1031266043157	281.19355219936637
324.39285841999276	288.96782217711086
330.68259023566986	296.7420921548554
336.9723220513469	304.5163621325999
343.26205386702395	312.2906321103444
349.55178568270105	320.06490208808896
355.8415174983781	327.83917206583345
362.13124931405514	335.61344204357795
368.4209811297322	343.3877120213225
374.7107129454092	351.16198199906705
381.0004447610863	358.93625197681155
387.2901765767634	366.71052195455604
393.5799083924404	374.4847919323006
399.8696402081175	382.2590619100451
406.15937202379456	390.0333318877896
398.0068312208611	384.2422975711494
389.8542904179276	378.4512632545091
381.7017496149941	372.6602289378689
373.54920881206067	366.86919462122864
365.3966680091272	361.07816030458844
357.2441272061937	355.2871259879482
349.09158640326024	349.49609167130797
340.9390456003268	343.7050573546677
332.78650479739326	337.9140230380275
324.6339639944598	332.1229887213873
316.48142319152635	326.331954404747
308.32888238859283	320.54092008810676
300.1763415856594	314.74988577146655
292.0238007827259	308.95885145482634
283.8712599797924	303.1678171381861
275.71871917685894	297.3767828215459
267.5661783739255	291.5857485049056
259.413637570992	285.7947141882654
251.2610967680585	280.0036798716252
243.10855596512505	274.21264555498493
234.9560151621916	268.4216112383447
226.8034743592581	262.63057692170446
218.65093355632465	256.83954260506425
210.49839275339113	251.048508288424
202.34585195045767	245.25747397178378
194.1933111475242	239.46643965514355
186.04077034459073	233.6754053385033
177.88822954165727	227.88437102186307
169.73568873872378	222.09333670522284
161.5831479357903	216.3023023885826
153.43060713285684	210.51126807194237
145.27806632992338	204.72023375530216
137.12552552698992	198.92919943866193
128.9729847240564	193.1381651220217
120.82044392112294	187.34713080538145
112.66790311818943	181.55609648874122
104.51536231525597	175.76506217210098
104.81546963182095	185.76055793762177
105.11557694838594	195.75605370314258
105.41568426495091	205.75154946866337
105.71579158151589	215.74704523418416
106.01589889808086	225.74254099970497
106.31600621464585	235.73803676522576
106.61611353121083	245.73353253074657
106.9162208477758	255.72902829626736
107.2163281643408	265.72452406178814
107.51643548090577	275.72001982730893
107.81654279747075	285.7155155928298
108.11665011403572	295.71101135835056
109.16873219999655	305.65551352207905
110.2208142859574	315.60001568580753
111.27289637191824	325.54451784953596
112.32497845787907	335.48902001326445
113.37706054383992	345.43352217699294
114.42914262980075	355.3780243407214
115.48122471576158	365.3225265044499
116.53330680172242	375.26702866817834
117.58538888768327	385.2115308319068
118.6374709736441	395.1560329956353
119.68955305960493	405.1005351593638
120.74163514556577	415.04503732309223
121.79371723152661	424.9895394868207
122.84579931748745	434.9340416505492
123.89788140344828	444.8785438142777
124.94996348940913	454.8230459780061
126.00204557536996	464.76754814173466
127.0541276613308	474.7120503054631
128.10620974729164	484.6565524691915
129.15829183325246	494.60105463292007
129.78560428778675	484.6207500742212
130.41291674232102	474.64044551552223
131.0402291968553	464.66014095682334
131.6675416513896	454.67983639812445
132.29485410592386	444.6995318394255
132.92216656045815	434.7192272807266
133.54947901499244	424.7389227220277
134.1767914695267	414.75861816332883
134.804103924061	404.7783136046299
135.43141637859526	394.798009045931
136.05872883312955	384.8177044872321
136.68604128766384	374.83739992853316
137.3133537421981	364.85709536983427
137.9406661967324	354.8767908111354
138.56797865126669	344.8964862524365
139.19529110580095	334.9161816937376
139.82260356033524	324.93587713503865
140.44991601486953	314.9555725763397
141.0772284694038	304.9752680176408
141.70454092393808	294.9949634589419
142.33185337847237	285.01465890024303
142.95916583300664	275.03435434154414
143.58647828754093	265.0540497828452
144.21379074207522	255.07374522414628
144.84110319660948	245.09344066544742
145.46841565114377	235.11313610674847
155.45046810561192	235.71199234679833
165.43252056008004	236.31084858684815
175.41457301454818	236.909704826898
185.39662546901633	237.50856106694786
195.37867792348447	238.10741730699772
205.36073037795262	238.70627354704754
215.34278283242074	239.3051297870974
225.32483528688886	239.90398602714725
235.306887741357	240.5028422671971
245.28894019582515	241.10169850724694
255.2709926502933	241.7005547472968
265.25304510476144	242.29941098734665
275.23509755922953	242.8982672273965
285.21715001369773	243.49712346744633
295.1992024681658	244.09597970749618
305.18125492263397	244.69483594754604
315.1633073771021	245.2936921875959
325.1453598315702	245.89254842764572
335.1274122860384	246.49140466769558
325.1568400562881	247.2580137019057
315.18626782653786	248.0246227361158
305.21569559678755	248.7912317703259
295.2451233670373	249.55784080453603
285.274551137287	250.32444983874612
275.30397890753676	251.09105887295624
265.33340667778646	251.85766790716636
255.36283444803618	252.62427694137645
245.3922622182859	253.39088597558657
235.4216899885356	254.1574950097967
225.45111775878536	254.92410404400678
215.48054552903506	255.6907130782169
205.50997329928478	256.457322112427
195.53940106953453	257.22393114663714
185.56882883978423	257.99054018084723
175.59825661003396	258.7571492150573
165.62768438028368	259.5237582492675
155.6571121505334	260.29036728347756
145.68653992078313	261.05697631768766
135.71596769103283	261.8235853518978
125.74539546128256	262.5901943861079
115.77482323153228	263.356803420318
105.804251001782	264.12341245452814
95.83367877203173	264.8900214887382
85.86310654228146	265.6566305229483
75.89253431253115	266.42323955715847
65.92196208278091	267.18984859136856
73.041672363104	274.2119369932802
80.16138264342707	281.2340253951918
87.28109292375017	288.25611379710347
94.40080320407324	295.2782021990151
101.52051348439633	302.3002906009267
108.64022376471942	309.3223790028383
115.75993404504251	316.34446740474993
122.87964432536558	323.36655580666155
129.99935460568867	330.38864420857317
137.11906488601176	337.41073261048484
144.23877516633485	344.43282101239646
151.35848544665794	351.4549094143081
158.17556241749955	344.1386630014526
164.99263938834116	336.8224165885971
171.80971635918277	329.50617017574154
178.62679333002436	322.18992376288605
185.44387030086597	314.87367735003056
192.26094727170758	307.55743093717507
199.0780242425492	300.2411845243196
205.8951012133908	292.92493811146403
212.7121781842324	285.60869169860854
219.529255155074	278.29244528575305
226.3463321259156	270.97619887289756
233.16340909675722	263.65995246004206
239.98048606759883	256.3437060471865
246.79756303844044	249.02745963433102
253.61464000928206	241.71121322147553
260.43171698012367	234.39496680862004
267.24879395096525	227.07872039576452
274.0658709218069	219.76247398290903
280.8829478926485	212.4462275700535
287.70002486349006	205.12998115719802
294.5171018343317	197.8137347443425
301.3341788051733	190.497488331487
308.15125577601486	183.1812419186315
314.9683327468565	175.864995505776
321.78540971769814	168.5487490929205
328.6024866885397	161.23250268006498
335.4195636593813	153.91625626720946
342.23664063022295	146.600009854354
349.0537176010646	139.28376344149848
355.8707945719062	131.96751702864296
362.68787154274776	124.6512706157875
369.5049485135894	117.33502420293198
376.322025484431	110.01877779007646
383.13910245527256	102.70253137722096
389.9561794261142	95.38628496436547
396.7732563969558	88.07003855150998
403.59033336779737	80.75379213865443
410.407410338639	73.43754572579894
417.2244873094806	66.12129931294345
424.04156428032223	58.80505290008796
430.8586412511639	51.48880648723241
420.8586598116651	51.50807328979416
410.8586783721664	51.527340092355914
400.85869693266767	51.546606894917666
390.858715493169	51.56587369747942
380.8587340536702	51.58514050004117
370.8587526141715	51.60440730260292
360.85877117467277	51.623674105164675
350.85878973517407	51.64294090772643
340.8588082956753	51.66220771028818
330.8588268561766	51.68147451284993
320.85884541667787	51.70074131541168
310.85886397717917	51.720008117973435
300.8588825376804	51.73927492053519
290.8589010981817	51.75854172309694
280.858919658683	51.77780852565869
270.8589382191842	51.797075328220444
260.8589567796855	51.816342130782196
250.8589753401868	51.83560893334395
240.85899390068806	51.8548757359057
230.85901246118934	51.87414253846745
220.8590310216906	51.893409341029205
210.8590495821919	51.91267614359096
200.85906814269316	51.93194294615271
193.18796675216592	58.347097149774875
185.51686536163868	64.76225135339703
177.84576397111147	71.1774055570192
170.17466258058423	77.59255976064136
162.50356119005698	84.00771396426353
154.83245979952977	90.4228681678857
147.16135840900253	96.83802237150786
139.4902570184753	103.25317657513003
131.81915562794808	109.66833077875219
124.14805423742084	116.08348498237436
116.4769528468936	122.49863918599652
108.80585145636636	128.9137933896187
101.13475006583913	135.32894759324085
93.46364867531189	141.74410179686302
85.79254728478466	148.1592560004852
78.12144589425742	154.57441020410735
70.45034450373018	160.98956440772952
62.779243113202966	167.40471861135168
55.108141722675725	173.81987281497385
47.43704033214851	180.235027018596
39.76593894162127	186.65018122221818
32.09483755109403	193.06533542584035
24.42373616056679	199.4804896294625
34.41075984774755	198.97121772596657
44.39778353492831	198.46194582247062
54.384807222109075	197.95267391897465
64.37183090928983	197.4434020154787
74.3588545964706	196.93413011198277
84.34587828365136	196.42485820848682
94.33290197083213	195.91558630499088
91.72027038136706	205.56826241981673
89.107638791902	215.22093853464256
86.49500720243694	224.8736146494684
83.88237561297187	234.52629076429423
81.26974402350682	244.17896687912008
78.65711243404175	253.83164299394593
76.04448084457668	263.4843191087718
73.43184925511162	273.13699522359764
70.81921766564656	282.78967133842343
68.2065860761815	292.4423474532493
65.59395448671643	302.09502356807513
62.981322897251374	311.747699682901
60.36869130778631	321.40037579772684
57.75605971832124	331.05305191255263
65.83390010680998	325.1582665340931
73.91174049529872	319.2634811556336
81.98958088378745	313.3686957771741
90.06742127227619	307.47391039871457
98.14526166076494	301.57912502025505
106.22310204925367	295.68433964179553
114.30094243774242	289.789554263336
122.37878282623116	283.8947688848765
130.4566232147199	277.999983506417
138.53446360320865	272.10519812795746
146.6123039916974	266.210412749498
154.6901443801861	260.3156273710385
162.76798476867486	254.42084199257894
170.8458251571636	248.52605661411945
178.92366554565234	242.63127123565994
187.00150593414108	236.73648585720042
195.07934632262982	230.8417004787409
203.15718671111858	224.9469151002814
211.2350270996073	219.05212972182187
219.31286748809606	213.15734434336235
227.3907078765848	207.26255896490284
235.46854826507354	201.36777358644332
243.54638865356225	195.4729882079838
251.62422904205098	189.57820282952432
259.7020694305397	183.68341745106477
267.7799098190285	177.78863207260525
275.85775020751726	171.89384669414576
283.93559059600597	165.99906131568625
292.0134309844947	160.10427593722673
300.09127137298344	154.20949055876721
308.1691117614722	148.3147051803077
316.2469521499609	142.41991980184818
324.3247925384497	136.52513442338866
332.4026329269384	130.63034904492915
340.48047331542716	124.73556366646966
348.5583137039159	118.84077828801011
356.63615409240464	112.9459929095506
364.71399448089335	107.05120753109111
362.5078935783218	116.80482833608825
360.3017926757503	126.55844914108539
358.0956917731787	136.31206994608252
355.88959087060715	146.06569075107967
353.68348996803564	155.8193115560768
351.4773890654641	165.57293236107395
349.2712881628925	175.32655316607108
347.065187260321	185.08017397106823
344.85908635774945	194.83379477606536
342.6529854551779	204.5874155810625
340.4468845526064	214.34103638605964
338.2407836500348	224.0946571910568
336.0346827474633	233.84827799605392
333.82858184489174	243.60189880105105
331.6224809423202	253.3555196060482
329.4163800397487	263.10914041104536
327.2102791371771	272.8627612160425
325.00417823460555	282.6163820210396
322.79807733203404	292.37000282603674
320.5919764294625	302.12362363103387
318.3858755268909	311.877244436031
316.1797746243194	321.6308652410282
313.97367372174784	331.38448604602536
311.7675728191763	341.1381068510225
309.5614719166048	350.8917276560196
307.3553710140332	360.64534846101674
305.14927011146165	370.39896926601386
302.94316920889014	380.152590071011
300.7370683063186	389.9062108760082
298.530967403747	399.6598316810053
296.3248665011755	409.4134524860024
294.11876559860394	419.16707329099955
291.9126646960324	428.9206940959967
301.912302899413	428.8356305815462
311.9119411027936	428.75056706709574
321.91157930617425	428.66550355264525
331.9112175095549	428.5804400381948
341.91085571293553	428.4953765237443
351.9104939163161	428.4103130092939
361.91013211969675	428.3252494948434
371.9097703230774	428.2401859803929
381.90940852645804	428.15512246594244
391.9090467298387	428.07005895149194
401.90868493321926	427.9849954370415
411.9083231365999	427.899931922591
421.9079613399805	427.81486840814057
431.90759954336113	427.7298048936901
441.90723774674177	427.6447413792396
451.9068759501224	427.55967786478914
461.90651415350305	427.47461435033864
452.5665350961921	423.90182955287423
443.22655603888114	420.32904475540977
433.8865769815702	416.75625995794536
424.5465979242593	413.1834751604809
415.2066188669483	409.6106903630165
405.8666398096374	406.037905565552
396.52666075232645	402.4651207680876
387.1866816950155	398.8923359706232
377.84670263770454	395.31955117315874
368.5067235803936	391.74676637569434
359.1667445230827	388.17398157822987
349.8267654657717	384.60119678076546
340.4867864084608	381.02841198330105
331.14680735114985	377.4556271858366
321.80682829383886	373.8828423883722
312.46684923652793	370.3100575909077
303.126870179217	366.7372727934433
293.786891121906	363.1644879959789
284.4469120645951	359.59170319851444
275.10693300728417	356.01891840105003
265.7669539499732	352.44613360358557
256.42697489266226	348.87334880612116
247.08699583535133	345.3005640086567
237.74701677804038	341.7277792111923
228.40703772072942	338.1549944137279
219.0670586634185	334.5822096162634
209.72707960610754	331.009424818799
200.38710054879658	327.43664002133454
191.04712149148565	323.86385522387013
181.70714243417473	320.29107042640567
172.36716337686374	316.71828562894126
163.02718431955282	313.14550083147685
153.6872052622419	309.5727160340124
144.3472262049309	305.999931236548
135.00724714761998	302.4271464390836
125.66726809030905	298.8543616416191
116.32728903299807	295.28157684415464
106.98730997568714	291.70879204669023
97.64733091837621	288.1360072492258
88.30735186106523	284.56322245176136
78.9673728037543	280.99043765429695
72.13739965279596	273.68622881574447
65.30742650183763	266.382019977192
58.47745335087929	259.0778111386395
51.64748019992095	251.77360230008702
44.81750704896261	244.46939346153454
37.98753389800427	237.16518462298205
31.15756074704594	229.86097578442957
24.327587596087604	222.5567669458771
17.497614445129265	215.2525581073246
26.303482526474994	219.99140684240115
35.109350607820716	224.7302555774777
43.915218689166444	229.46910431255424
52.72108677051217	234.20795304763078
61.5269548518579	238.94680178270733
70.33282293320363	243.68565051778384
79.13869101454935	248.4244992528604
87.94455909589507	253.16334798793693
96.7504271772408	257.9021967230135
105.55629525858654	262.64104545809005
114.36216333993224	267.37989419316654
123.16803142127799	272.1187429282431
131.9738995026237	276.8575916633196
140.77976758396943	281.59644039839617
149.58563566531518	286.3352891334727
158.3915037466609	291.07413786854926
167.19737182800662	295.8129866036258
176.00323990935235	300.55183533870235
184.80910799069807	305.2906840737789
193.61497607204382	310.02953280885544
202.4208441533895	314.768381543932
211.22671223473523	319.5072302790085
220.03258031608098	324.24607901408507
228.8384483974267	328.9849277491616
237.64431647877245	333.72377648423816
246.45018456011815	338.46262521931465
255.25605264146387	343.2014739543912
264.0619207228096	347.94032268946773
272.86778880415534	352.6791714245443
281.6736568855011	357.4180201596208
290.4795249668468	362.15686889469737
