1574.9090
1822.3714
2100.6296
2660.8000
2663.5789
2873.8857
3210.9375
3537.8965
3700.2272
4300.0000
4903.3333
5137.8823
2748.9259
2998.8620
819.1250
890.1428
905.3333
945.6190
1171.4761
1228.0833
1493.4285
1593.2857
1608.8095
1796.2857
1995.3333
2125.4285
2204.5238
2215.6190
2393.2105
2457.1428
2600.5000
2836.2000
664.3333
849.5714
958.2000
1247.1666
1259.1250
1267.7500
1273.1904
1322.2500
1350.8333
1454.6000
1667.4285
1897.6666
2027.0476
2078.4210
2386.4761
2925.1818
3064.9047
3151.3809
6783.2380
617.0476
987.5238
1207.5714
1222.7142
1300.6000
1538.6363
1599.7619
1606.0555
1620.1250
1923.0952
1954.7272
2148.3809
2225.7368
2645.8095
2716.9523
4086.5000
523.2380
898.0952
930.0000
954.2000
1414.9090
1439.4761
1535.8500
1593.2380
1876.2500
1898.7500
1922.1250
2356.1363
2404.4285
2440.8000
2509.6190
3374.3333
3623.9047
4841.2500
6457.3809
6594.2857
