0.0270
0.0270
0.0270
0.0270
0.0270
0.0270
0.0270
0.0270
0.0270
0.2972
0.3513
0.4594
0.5405
0.5405
0.6216
0.7567
0.8108
0.9189
0.9459
0.9729
0.9729
0.7777
0.8333
0.0270
0.0270
0.0434
0.0434
0.0434
0.0434
0.0434
0.1304
0.3913
0.4782
0.5652
0.6521
0.8695
0.9565
0.9565
0.9565
0.9565
0.9565
0.9565
0.9565
0.9565
0.9565
0.9565
0.9565
0.9565
0.0434
0.0434
0.0434
0.0434
0.2173
0.3478
0.3913
0.5652
0.6956
0.7391
0.8260
0.8695
0.9130
0.9565
0.9565
0.9565
0.9565
0.9565
0.9565
0.9565
0.9565
0.9565
1.0000
0.0434
0.0434
0.0434
0.0434
0.0434
0.0434
0.0434
0.6956
0.7391
0.8260
0.8695
0.9130
0.9565
0.9565
0.9565
0.9565
0.9565
0.9565
0.9565
0.9565
0.9565
1.0000
1.0000
0.0434
0.0434
0.0434
0.2608
0.3913
0.3913
0.3913
0.6956
0.7391
0.9130
0.9565
0.9565
0.9565
0.9565
0.9565
0.9565
0.9565
0.9565
0.9565
0.9565
0.9565
1.0000
1.0000
0.0434
0.0434
0.0434
0.0434
0.0434
0.3478
0.4782
0.5652
0.6521
0.7826
0.9130
0.9130
0.9565
0.9565
0.9565
0.9565
0.9565
0.9565
0.9565
0.9565
0.9565
0.9565
0.9565
0.0434
0.0434
0.0434
0.0434
0.0434
0.4347
0.4782
0.5652
0.6956
0.8695
0.9130
0.9130
0.9565
0.9565
0.9565
0.9565
0.9565
0.9565
0.9565
0.9565
0.9565
0.9565
1.0000
0.0434
0.0434
0.0434
0.0434
0.0434
0.0434
0.0434
0.2173
0.5652
0.6521
0.7391
0.7826
0.9565
0.9565
0.9565
0.9565
0.9565
0.9565
0.9565
0.9565
0.9565
0.9565
1.0000
